10/06/2019 07:00 1
10/06/2019 11:00 2
11/06/2019 07:00 3
27/04/2019 11:00 2
27/04/2019 07:00 3
24/03/2020 7:00 111
2/10/2020 8 123
20/10/2020 8 1
  32766
  32766
  32766
  32766
  32766
  32766
  32766
  32766
  32766
  32766
  32766
  32766
  32766
  32766
  32766
  32766
  32766
  32766
  32766
  32766
  32766
  32766
  32766
  32766
  32766
  32766
  32766
  32766
  32766
  32766
  32766
  32766
  32766
  32766
  32766
  32766
  32766
  32766
  32766
  32766
  32766
  32766
  32766
  32766
  32766
  32766
  32766
  32766
  32766
  32766
  32766
  32766
  32766
  32766
  32766
  32766
  32766
  32766
  32766
  32766
  32766
  32766
  32766
  32766
  32766
  32766
  32766
  32766
  32766
  32766
  32766
  32766
  32766
  32766
  32766
  32766
  32766
  32766
  32766
  32766
  32766
  32766
  32766
  32766
  32766
  32766
  32766
  32766
  32766
  32766
  32766
  32766
  32766
  32766
  32766
  32766
  32766
  32766
  32766
  32766
  32766
  32766
  32766
  32766
  32766
  32766
  32766
  32766
  32766
  32766
  32766
  32766
  32766
  32766